sotdd 100
[0.0,
 0.00000001665,
 0.17866,
 0.15985,
 0.22730,
 0.15429,
 0.11448,
 0.12780,
 0.12994,
 0.092115,
 0.096955,
 0.14904,
 0.067235,
 0.23325,
 0.071884,
 0.090225,
 0.046479,
 0.15230,
 0.17625,
 0.14290,
 0.081957]


sotdd 500
[0.0,
 0.000000019887,
 0.18028,
 0.16244,
 0.23277,
 0.13507,
 0.11692,
 0.11903,
 0.11906,
 0.086277,
 0.10749,
 0.14991,
 0.057499,
 0.21543,
 0.073705,
 0.094059,
 0.048318,
 0.15521,
 0.14993,
 0.15408,
 0.092912]





sotdd 1000
[0.0,
 0.000000018377,
 0.18062,
 0.16132,
 0.23583,
 0.14399,
 0.11880,
 0.12254,
 0.12541,
 0.085933,
 0.10780,
 0.14654,
 0.064673,
 0.22219,
 0.067472,
 0.094563,
 0.045640,
 0.15374,
 0.16134,
 0.13447,
 0.091725]





sotdd 5000
[0.0,
 0.000000019473,
 0.19294,
 0.17218,
 0.24630,
 0.14396,
 0.12375,
 0.12230,
 0.12588,
 0.090735,
 0.11275,
 0.15414,
 0.065931,
 0.22055,
 0.072520,
 0.094206,
 0.050126,
 0.16385,
 0.16137,
 0.13925,
 0.093017]




sotdd 10000
[0.0,
 0.000000019516,

 0.19382,
 0.17232,
 0.24398,

 0.14229,
 0.12126,
 0.12251,
 0.12462,

 0.089047,
 0.11168,
 0.14994,
 0.066241,

 0.21716,
 0.071003,
 0.096409,
 0.048773,

 0.16339,
 0.15934,
 0.13879,
 0.094203]




otdd (excat)
[0.0,
 0.0023048,

 686.35,
 625.57,
 863.25,

 517.39,
 516.03,
 486.22,
 459.11,

 413.09,
 467.04,
 622.30,
 255.51,

 775.87,
 333.68,
 336.66,
 220.76,

 605.35,
 577.04,
 500.0,
 367.21]


